0 0.5921875 0.93125 0.5890625 0.13671875
0 0.72578125 0.6890625 0.440625 0.1703125
0 0.73515625 0.5625 0.38046875 0.115625
0 0.7640625 0.478125 0.26640625 0.0859375
0 0.778125 0.4109375 0.215625 0.07265625
0 0.78984375 0.3546875 0.22734375 0.06953125
0 0.79453125 0.31484375 0.21171875 0.05625
0 0.80625 0.27578125 0.1890625 0.04609375
0 0.81484375 0.2453125 0.18671875 0.0375
0 0.540625 0.34765625 0.2171875 0.0796875
0 0.49375 0.32109375 0.1890625 0.07265625
0 0.4078125 0.30703125 0.153125 0.0671875
0 0.315625 0.30234375 0.1625 0.053125
0 0.24609375 0.29140625 0.1671875 0.06171875
0 0.18203125 0.2828125 0.125 0.0484375