0 0.64140625 0.92890625 0.559375 0.14140625
0 0.703125 0.7703125 0.45703125 0.20390625
0 0.74453125 0.61015625 0.3453125 0.1421875
0 0.76328125 0.50546875 0.30078125 0.09609375
0 0.775 0.4328125 0.2671875 0.0765625
0 0.7953125 0.3765625 0.24609375 0.05859375
0 0.8046875 0.33203125 0.228125 0.05234375
0 0.80546875 0.29140625 0.18359375 0.0453125
0 0.55625 0.34296875 0.21171875 0.07890625
0 0.515625 0.3078125 0.18828125 0.06796875
0 0.4296875 0.30546875 0.1390625 0.06875
0 0.3328125 0.29453125 0.1515625 0.05546875
0 0.2625 0.2859375 0.1421875 0.05
0 0.18828125 0.28203125 0.13828125 0.04921875
0 0.146875 0.26484375 0.10546875 0.04296875