0 0.634375 0.634375 0.371875 0.17265625
0 0.63203125 0.509375 0.26953125 0.11484375
0 0.77890625 0.39453125 0.24296875 0.09609375
0 0.78671875 0.33515625 0.22109375 0.0609375
0 0.80078125 0.29375 0.203125 0.05234375
0 0.79921875 0.26171875 0.1796875 0.034375
0 0.5625 0.3609375 0.1828125 0.0890625
0 0.528125 0.315625 0.16328125 0.04375
0 0.4453125 0.315625 0.146875 0.0640625
0 0.35390625 0.309375 0.15234375 0.06015625
0 0.271875 0.3046875 0.14921875 0.0578125
0 0.2015625 0.29296875 0.140625 0.053125