0 0.72734375 0.684375 0.33203125 0.15546875
0 0.74609375 0.56875 0.29453125 0.1015625
0 0.77109375 0.4875 0.24765625 0.0796875
0 0.7796875 0.42421875 0.23359375 0.0640625
0 0.79375 0.3671875 0.21171875 0.05625
0 0.803125 0.32578125 0.19296875 0.04140625
0 0.80546875 0.2890625 0.16640625 0.0390625
0 0.5359375 0.3953125 0.209375 0.09609375
0 0.496875 0.35625 0.18515625 0.0640625
0 0.5921875 0.91875 0.51875 0.1625
0 0.4140625 0.35078125 0.1421875 0.0875
0 0.31171875 0.340625 0.16171875 0.07421875
0 0.234375 0.33359375 0.140625 0.07890625
0 0.18203125 0.325 0.13359375 0.06484375
0 0.1390625 0.30703125 0.12421875 0.04609375
0 0.81953125 0.259375 0.14453125 0.04140625